0.30249624451001483
0.06650871317833662
0.06394340633414686
0.22692985758185386
0.16653122621424057
0.15086140902712944
0.1071027357663427
0.14651207281992984
0.10456284666433929
0.09894432774227528
0.12245978681709278
0.08312764740549028
0.17975751364505604
0.09546040836721659
0.06809635104282816
0.06982312229988367
0.21849576861638093
0.09964330251225166
0.15702095441520214
0.1279959132662043
0.15389825537744345
0.10428621362370905
0.12506183834686402
0.1374864372167182
0.15950952718655262
0.13052358509689246
0.11376737337559464
0.107873041389717
0.07009123934512126
0.1642668077199743
0.08766554382213572
0.14546012340085301
0.1210946889379276
0.11596714279686034
0.13220796283594405
0.12746382425385683
0.08600795382840763
0.08362228405894712
0.07569093910720325
0.10320614982802093
0.0807252487866208
0.09764669517260144
0.08556670104511659
0.0808696660096757
0.13769654209740578
0.13378299485672915
0.08696392155777576