==GMM100NORMALIZED==
NaN
NaN
NaN
0.19884652947452627
0.20814346905677752
0.1488943723511706
0.15373378008454078
0.10464784522806961
0.14668097641277017
0.11659269455091026
0.1109155275252816
0.09408526066487082
0.1146541418809813
0.11811685152456967
0.12274622241215534
0.12577151530253325
0.1321454055538258
0.10603843401213578
0.16129118661337088
0.13724707376963152
0.12796482123679387
0.12831365315769677
0.10277824256817807
0.09129737916226795
0.062268227985007585
0.09623852279471524
0.11656963594345013
0.11549895017623117
0.09717054632755469
0.10488195023959428
0.10128143104627788
0.11017404456851532
0.1015471389563615
0.1308462119674639
0.10627649743730597
0.08728670696300227
0.086283328623952
0.09194581272791995
0.08325514873780725
0.07390434108259078
0.08657805803005571
0.09160666906092098
0.09436044818872308
0.09759134807832295
0.10340686251593648
0.10982965731665187
0.08055668913186544
0.07894765635296636

==KMEANS100NORMALIZED==
NaN
NaN
0.18782850869206918
0.16108604363210147
0.15050388375223273
0.1686336036757881
0.15729072642444733
0.1765945538208087
0.1444721376590382
0.14780125211449643
0.13192840759263325
0.15310473532420965
0.15438584695022722
0.15811051729920628
0.1242650727520522
0.11385364386649724
0.11914661064677227
0.10583793237058134
0.14084493159418052
0.12933787655223203
0.15965448070067295
0.13201182770997957
0.09864082911645644
0.10820691649577525
0.14765301694798522
0.148607760157698
0.12383965646122794
0.11703841009756619
0.13688949335668604
0.1372688297120443
0.11050356242523582
0.17698726024211314
0.13742614824825455
0.1323165471473466
0.1328554579865783
0.11481617039034435
0.093100010250209
0.1341664490144058
0.11851250854344778
0.09517726508509974
0.08828483460766413
0.11748769051860955
0.11586874488387156
0.11390523621219437
0.10262515312955538
0.1017425860876173
0.11108759751098425
0.08032996799742545

==SPECTRAL100NORMALIZED==
NaN
NaN
0.17239757312461731
0.11098429239192131
0.2601071221826391
0.12246688334896745
0.17209985055524538
0.10393901938550223
0.14137533916190315
0.15292214103770851
0.12685646358884298
0.14300508728815003
0.1011114088563029
0.14310585753611474
0.10423664964517246
0.1495342100943265
0.1333905325055052
0.10797618977259053
0.10353159278479049
0.14288571212214657
0.129465354677632
0.11924273410541279
0.09409271141532902
0.10108685357052875
0.1339975960904491
0.13137653335228053
0.12186112771159892
0.1302441426483792
0.1378318030827155
0.09819586342808598
0.11492375797684957
0.09505087104804077
0.11926823839062968
0.10926163600970056
0.11686118074963617
0.11599412269744233
0.12329000502360905
0.11502296067112665
0.09492580747288211
0.12507835299641673
0.13694447094736345
0.1242996939934847
0.11431719279573475
0.1063102054165415
0.09727279672559438
0.12475015777442089
0.1365682263414649
0.12385215875869515