0.1803278625011444
0.20634104683995247
0.08015790289001806
0.0848096099216491
0.15762764130803672
0.10441960600049545
0.10854117172614983
0.11492744525894519
0.15573448253174624
0.10896925173480722
0.16751746607846335
0.09333634421067392
0.2519151036088404
0.08665111305890605
0.10820608492940667
0.08467058993875982
0.2024695846535589
0.13366525978091412
0.15243057496845722
0.1226356565952301
0.12079945958598896
0.10031264038248495
0.1630499438770737
0.0636176835745573
0.10404915533655758
0.07147496875615852
0.12340746780890705
0.1282435348602356
0.08327446236573863
0.1336837645003598
0.12250080732628706
0.11894579972498694
0.1237789608899559
0.1305855994437341
0.07210117401918034
0.08408856626954817
0.07276538819593344
0.08649240734853916
0.07991838781926476
0.08659002599112381
0.07937829462811354
0.10867773415520783
0.06036034051556976
0.056912799703021495
0.1261278147853556
0.08659000831345719
0.08404708560556175