0.2994469851255417
0.2009750952323278
0.12855095858685672
0.12146666747602548
0.19660448108334094
0.11596716977655888
0.12791447838147482
0.19308360255158996
0.20264874064984428
0.07231526616412928
0.16116552957377972
0.1433950255314509
0.12924277825901906
0.20756612345576284
0.07080460995590936
0.09713460821658375
0.2555426373881729
0.18145607589659363
0.1253664591349662
0.10475993666209674
0.1318945272101296
0.07790428446605802
0.17029859977601855
0.10347141280318753
0.12022750773222039
0.09903846079017968
0.1376679017284543
0.11034005393998494
0.06129594780189001
0.1425495565149791
0.15453369839286257
0.17383890360225596
0.15935687615317004
0.12921565117935346
0.11357402439689496
0.12268311929249441
0.11030002514151138
0.09365520308896591
0.1147395612594361
0.09675113580500086
0.08620888338950668
0.11404933591062824
0.11771593032018193
0.10724190618029904
0.1924446373065906
0.12186694274117282
0.09142915441840882