143493
103229
368400
22254
170300
92463
345323
42706
191245
80698
15269
311193
129536
108229
199862
332940
101388
377700
31130
17450
378722
298398
288242
59787
227366
59616
307746
81105
304724
274487
99933
341034
179445
275893
91343
305807
180906
58186
194291
189078
265946
173138
74726
327768
183383
258707
268417
229628
147764
85294
173915
125537
57103
172515
234542
84755
135243
85251
50435
225661
172424
347095
276675
237022
219254
20217
267558
214824
206510
30250
364160
275263
374839
2336
220691
345184
235317
1470
48230
191226
43851
199148
108513
30385
78866
375926
344789
354709
280075
301679
154590
184243
108059
253764
117115
256365
310688
104437
87022
131265
7978
78862
17755
157596
284658
124758
341206
148467
242886
185718
202102
65298
86910
78185
211594
113805
78951
341261
168728
339231
304753
345470
276273
56579
381911
316619
82985
207562
32216
236213
108909
318178
15952
18230
203434
29191
79439
265303
348752
20120
97676
353079
264552
148557
66176
25806
219014
335605
205183
235317
141543
69569
112498
137464
12076
339544
263043
337187
168914
56260
170170
119645
341162
301485
191183
339712
139623
153965
17711
410
85924
150752
283703
358704
229151
338700
156680
347721
348495
358633
182926
70724
200927
117048
342343
153916
79000
9572
286908
95797
145295
307177
365673
318539
273566
286146
321678
219186
139149
380951
142202
58239
61712
349569
195584
29568
339173
3095
128679
182251
190503
291035
47071
212432
112445
224346
71493
214473
130029
223688
139468
347905
165616
342350
99326
263359
109155
1470
222172
235806
264524
355792
66531
339411
283196
127302
357597
341354
322118
102165
143657
250320
272805
208056
102368
152080
207247
161163
98301
346856
38618
251773
124892
261110
358476
69367
316882
100506
114409
311193
89783
371667
385225
14096
68796
206801
199540
363574
256782
149388
130062
81793
79748
70168
12542
350089
145254
32813
37415
166735
354443
139038
215354
54170
160601
171920
333927
11709
221191
116907
261173
115620
97718
53783
193212
85023
2072
305407
368909
291393
355690
41951
116603
216545
300448
189468
378481
10640
120354
242910
187298
197189
293805
281403
142466
100393
161713
375394
246670
275854
3089
253207
159700
249760
143257
279597
228153
136126
8264
46483
37501
241382
364567
114243
180317
17449
20850
332202
115645
355083
14318
51655
39713
164077
291961
17251
90878
78499
158531
158990
17077
323598
197616
89955
155577
352127
33973
250917
13475
183935
150673
152907
178375
231290
112411
360675
199397
241952
113813
20355
274381
112851
71689
172106
375262
67260
259858
342608
49715
141473
232124
40813
325747
153767
200435
274487
46764
381449
131654
6920
269209
117200
70551
358018
21973
216183
231526
324581
187170
37924
313198
94718
279837
129773
125904
293912
208134
85696
221031
329168
13925
77268
117191
211995
205739
350419
365638
118049
209967
77066
159280
321286
304916
46700
188910
286800
53158
342006
200368
157291
285013
226634
214719
99167
244994
151037
254805
357867
204314
7756
99691
6835
87603
242221
137634
184554
120438
20865
238834
263868
197143
270748
184650
229359
117602
282891
286089
297177
268744
140644
366653
319889
44842
342489
259005
348093
322068
266139
187439
17397
7974
137562
138377
53907
142865
150474
94034
333351
100995
317536
234143
162493
302736
250049
279101
178823
365275
173886
149577
199671
97635
4887
265324
270478
298852
96138
58239
296683
341559
327822
100648
300488
291488
126088
291181
367920
163390
75390
166870
241845
232120
252387
311193
146606
307233
173550
332965
82702
331814
82606
272092
198008
134961
192627
329114
15382
353676
244957
333831
37465
304361
152969
51174
263358
31647
3707
78731
337066
857
268433
92591
228623
277030
36830
192667
13013
96650
264115
362940
330458
171773
243270
70393
51862
320226
214824
322998
319010
262685
306980
206003
140653
63520
315032
278372
14087
37501
119766
298145
322875
182120
309583
72128
295385
140772
215259
117602
51378
340915
73749
58983
118192
317511
247050
119510
369601
367920
155456
95630
341677
134638
295258
112184
174601
295525
96287
163901
188638
217993
310688
158533
273531
213200
343320
26337
322878
66670
74230
261803
372664
2800
247687
320483
22842
16010
227123
304036
208911
29323
37089
125843
264706
202410
331452
349430
100310
100830
133519
329168
262339
359611
59616
119405
47927
104508
271626
182435
104489
126743
74944
379430
333351
248602
90075
133128
42706
38282
218093
262979
207128
233134
298852
345746
24049
323282
66655
139559
378326
40968
45771
98011
199791
204747
53714
2674
10423
230846
2248
84507
111637
77046
327822
122448
66545
21545
248833
376319
289061
139326
294664
19802
187439
229376
311217
103411
316852
50802
87241
51174
14363
91922
1321
256262
183885
97579
117209
166293
48334
341329
186969
374928
311931
364773
235003
246975
169422
102939
297489
263657
1712
346947
100663
196463
368081
197002
114221
101020
224659
27589
252387
307969
1470
193161
334559
96212
173915
193990
335491
249885
134595
333592
122142
168784
34019
226945
199142
193091
261856
143671
250787
150661
57890
279789
70786
363459
60396
46662
13874
352786
287102
155133
258646
214294
13594
93672
359227
21494
82277
105098
131010
74723
288521
173915
205972
150036
244111
37111
54775
258551
72951
18697
46814
314986
268796
145583
145748
269872
2189
383054
80626
304459
343429
361960
256092
205268
158630
327822
300943
148439
160000
229284
117025
205183
58239
166293
183357
143499
303221
117867
178523
72624
303093
198339
238972
207163
88256
335238
307552
340655
151585
194501
235317
276078
148378
148837
333539
6803
321962
7495
375320
91691
365410
278184
40753
382010
61383
264160
84755
329258
379610
91779
271882
332435
280613
43291
197466
241952
96571
109733
184113
358535
248344
348191
83337
377196
81157
5951
239651
253058
287157
284870
54574
74870
142780
154077
22459
309332
128896
168204
58276
111971
201705
110257
2955
27794
170969
47955
340304
249972
291705
355430
30624
94096
78409
234275
216468
34397
63663
326085
220691
2439
207613
151629
235623
3085
88429
171641
41909
213644
282898
42706
251505
234032
335980
221022
146304
305517
112570
77340
237036
317203
8627
360023
253958
20765
343032
69310
228968
133124
325373
19859
33572
166785
9237
285279
283266
144893
103736
276134
49105
270738
323042
127904
83683
263710
187473
22254
164500
231450
296130
9733
250542
273177
259365
1955
246910
37592
108714
128604
224612
187928
104986
192588
334365
377700
37340
90560
119563
14017
200734
186734
170567
52283
383604
60071
60969
6558
337465
64739
227787
224610
100834
257529
171814
173728
319468
36612
156227
167342
172294
66793
90046
258462
173937
32008
307664
290518
240420
68509
121608
158900
4718
177346
247138
10058
272009
167293
206463
15242
61695
163390
96969
223355
26528
79464
82277
105658
114110
158484
201673
172515
72570
289393
280252
65205
1660
254900
77252
33628
115714
334369
165254
97283
298852
351408
283542
384690
100648
187013
277655
268221
63674
85523
202899
149096
119778
308444
191026
297752
378578
359436
378446
217449
158641
228073
252617
75046
255750
147404
221559
70079
10058
238345
66755
276909
3083
171426
139701
293311
51270
380238
77252
381323
215383
222675
273846
82997
143663
110599
214444
47371
108154
82434
56412
377599
42706
291383
358561
68509
333351
358338
72479
332392
213739
85523
312517
96659
224346
143114
9341
217280
295726
326460
54235
221544
157731
235317
128639
39009
214824
339650
233769
119643
115596
108229
69771
109256
352202
72542
71814
69811
26097
93152
321679
225652
212168
381230
30301
24039
205010
267036
365574
375926
272009
268327
337552
285815
159700
235896
67997
38282
156207
375262
58186
229345
256801
70552
351638
104932
311370
308549
216372
290151
246789
306122
228073
272877
241435
173663
347568
15521
81215
264876
329775
73062
35138
78496
364406
171426
233901
116203
177411
169417
26118
222296
22903
11723
127017
297610
2167
25795
11760
54957
382444
40482
48867
343651
234987
192542
91390
118096
382887
145645
7204
208394
255333
27399
300490
185467
354077
340401
228026
116927
299122
301282
287565
376410
82702
241196
278302
198313
368623
327822
30844
340754
180492
284509
52067
370723
36550
239504
275341
185548
355704
370923
270096
48579
92463
212256
214259
181338
99678
101939
151037
219598
205754
322397
332392
94635
269261
375770
185866
205428
174945
148749
144692
265718
61585
346926
326733
225018
267453
286931
207332
249220
102383
252596
157162
380757
154435
857
43229
87332
137502
262184
167142
341909
30859
353965
382294
121348
120078
362787
54320
38905
117932
141188
306318
84581
12220
185553
221621
108944
60884
106669
94375
29836
305908
79805
168204
317969
225232
233192
175262
5645
347817
376410
165120
212528
141199
85378
55771
75053
379586
316299
60410
126586
265033
103470
283815
19802
48037
237650
80888
306517
44388
76489
35373
340702
133778
306130
280036
374668
288091
66655
320082
115200
303019
374993
104767
135317
143372
45771
25368
26559
262515
155564
218767
136765
235993
47953
354126
203183
80186
15124
69683
310668
346355
259562
71242
71882
62885
132439
171368
356587
150487
78221
79053
307233
213739
308689
343320
108344
75781
134360
220536
378722
308647
170330
1470
355429
156477
210816
150601
344761
109808
209213
329160
31715
363408
186445
60019
107210
23397
358018
210233
188638
12196
276512
323314
236095
354756
307805
25544
275893
44842
194467
293676
382015
77019
323718
145265
248658
75730
308217
394
302809
233053
7990
374466
173779
194111
41008
168145
230113
105249
11252
202946
379204
359943
379132
129535
26803
207179
224990
114351
306517
325992
2072
19433
166521
171634
28068
292516
320226
228990
348968
332460
69153
222579
102925
212959
189990
229660
285502
215963
12572
346839
271104
332429
138543
174289
74553
142973
274286
161586
140030
246048
315330
194137
40736
150187
75325
244790
312045
42296
10028
213056
63830
37353
132888
200264
275495
36294
140862
146227
122975
217193
39282
19756
137502
291460
215006
179077
373527
350106
83996
100390
174147
86231
231662
330273
268187
269715
180530
5039
272607
175398
10439
362501
236014
232491
96434
385181
104856
256678
153009
229695
49837
374306
385047
92239
133006
180411
10243
374675
150335
268734
193693
133366
40797
212499
317905
90767
201732
371908
166163
214967
345644
274208
159639
153231
168360
40171
220609
75796
210161
243096
32813
81904
72781
4522
276157
35559
14849
7495
35830
353525
60168
108109
89485
58239
297991
25452
97244
191222
127320
305042
16079
183345
107364
326551
320939
162636
370977
339709
79410
290199
142806
202906
21046
282595
251665
200239
88382
222808
321510
139444
225209
146215
205186
63283
299953
283725
132374
153355
131523
271440
287486
362238
109232
187987
27714
51238
371061
53150
337620
132308
36632
282060
59684
263120
148266
27750
133708
88086
289656
248378
373924
259562
333410
353079
311014
321350
41392
180693
247089
334336
57124
220078
341949
192305
223472
345753
183387
175
309984
121641
251126
376493
215203
368911
178523
72479
278612
84284
240572
167870
186405
37482
81800
126112
383205
374931
98196
378619
224428
106310
76122
60695
30349
219680
98316
53038
100005
265052
165594
138115
12056
221930
211501
328138
135756
118147
374470
216209
105093
283769
247415
127970
244552
91750
326932
354453
347938
107956
365619
103611
191459
380014
29894
374842
374787
333493
82297
96256
294640
308690
206925
189445
301962
131820
227939
187930
357335
327741
8692
243077
83591
77273
120312
224889
19799
47948
13284
200047
227246
374911
301178
139439
269836
287156
181338
195590
14456
211757
24058
207725
270829
39761
62946
75658
127766
349185
53038
161201
208206
154499
12056
197889
324899
250162
201732
121015
114017
49418
320381
173900
308713
173320
355704
90595
280352
252669
156680
30826
307848
340655
179611
375186
93165
139625
186452
321350
76993
158165
196232
261812
372187
92494
164071
374842
282331
254399
244764
171156
333493
136954
143699
82297
10479
301962
131820
60618
357335
148240
126945
108229
295824
323899
19872
341
27681
214824
229783
117990
101417
343001
327555
316812
116927
66997
249582
12549
294683
225232
242221
31269
127451
276850
80626
2273
184254
18230
58306
328707
288188
83254
66385
188733
159457
84266
130465
67021
25199
171334
58239
38475
200818
266183
224768
242101
230199
105746
282344
103320
375197
100016
358500
239504
284883
199604
160739
343024
172106
38042
2844
39493
255619
287109
16211
304753
301639
252751
83077
162686
101478
351730
249610
38245
141568
64635
42542
141473
134800
271834
110591
364090
222245
43474
179673
209202
251598
380438
82589
378057
28403
125606
3656
361146
129557
139334
16061
151750
265554
57142
76093
349335
365593
279607
274476
371003
260621
115596
69771
236676
305246
182840
29924
185497
72006
340785
246901
373495
106151
327822
306518
181903
106621
195830
48022
275279
179472
333675
167630
47487
129639
129414
76993
247636
364311
74944
2240
125537
34377
244235
359436
76784
1105
370345
337187
240420
350243
355258
1797
255750
25501
271755
285235
58426
172838
1481
235317
184673
46746
261339
235623
160769
233550
337189
53169
217614
299530
178523
156189
24768
241779
17450
64404
218274
7495
360248
363943
242098
54172
208167
120994
128158
283262
61011
311370
80878
52168
55093
71814
61253
22267
22710
185866
217256
363022
359436
150465
42706
199791
305042
291079
118757
256664
333351
126533
241779
274149
235698
162527
285037
96659
175414
299530
31130
100648
38282
11520
367920
163390
37801
327555
202305
141265
322656
333675
21494
217916
317330
219258
86126
277736
159181
261116
116820
362480
77388
66775
196332
258387
246515
57436
82297
6809
333862
157331
280657
363312
350467
247651
55819
134607
138511
226732
102812
167739
17085
355704
173351
69604
258465
272228
190582
181567
177589
146215
211031
218212
255443
285852
284009
284944
201113
281957
79859
233913
185062
322093
260618
217662
22267
349256
301128
194944
79687
10019
212168
339292
50435
286194
301936
196578
95060
155019
63391
311193
142417
275469
370024
73341
245168
114929
205899
251206
73844
84062
55430
239411
18483
172258
339301
273846
333863
72542
66793
94261
93152
125551
216880
159403
67758
241952
231116
210168
94326
320624
164133
268349
304596
18935
204339
295089
39692
66545
6868
141552
332991
341118
63168
307205
19857
314642
238928
186464
369637
231117
282522
76715
170213
174636
71642
300067
243055
384294
222170
141805
187954
130776
70072
197184
266470
82985
175898
298852
243680
192305
40443
226018
130708
197365
202824
326551
150429
242288
371738
219418
193847
226467
319784
6748
250492
347960
248839
263334
376319
243850
162098
181900
371187
354589
297738
273846
343954
82902
319627
353175
216348
58426
256128
307664
56797
176897
247044
306518
265637
142110
197960
305948
255750
38068
36532
157744
286887
72902
235270
168416
7900
3693
340304
210366
37040
140494
45217
125880
216211
27873
206913
192845
284746
281650
19745
277694
328634
75508
380169
21355
248866
322963
224418
187512
105302
6627
54957
34141
351402
340253
108494
368684
304459
277530
205953
226467
206813
242596
6868
31566
330985
151006
354475
136227
173915
242312
324899
9189
240729
353388
346336
204086
334280
277819
380508
320716
226271
215670
37146
275687
21494
190842
118072
374705
150132
184875
278256
178006
95192
33910
294714
253353
293025
220635
265763
188712
183460
275987
348565
104291
109756
84290
255597
170101
118299
182554
312302
83447
81980
188199
259984
47286
124010
31112
145216
131114
63936
371932
357014
334071
235468
352479
187476
57367
251918
187662
186257
381892
135468
109280
219445
168831
333381
141568
321350
59513
135975
385161
369285
69569
253030
348246
293421
363762
203965
180955
84016
15879
138020
128115
313781
208354
272260
253957
140110
309005
43708
322969
205339
262278
130451
111120
160411
74303
42736
53920
226634
80552
163728
283980
53956
86947
290780
360258
179303
365324
227495
367720
209780
184410
42079
292362
372225
102667
114446
336693
218782
46031
362649
180545
42681
35753
37871
38954
64093
88695
203379
320875
338840
131293
380424
359012
228001
57050
230680
366782
63493
55083
26278
155549
158731
109384
300170
191414
198550
155282
19799
38768
2958
275041
113184
65080
245433
266309
129368
233486
193744
363588
146912
357536
211757
18996
199697
218117
32827
214473
349855
250464
307542
334527
40202
249717
137502
286931
133784
198048
258547
312232
361132
180494
74944
238026
161201
359436
283527
42706
347981
175049
256675
143499
160137
333351
311193
102822
255750
303687
291929
282698
315213
62514
217280
235317
368012
187439
318080
191201
206573
326551
139623
340334
118130
101088
222174
198048
227911
61953
213762
51961
345746
271021
349541
268734
56116
364904
169867
309366
310312
244755
340304
249406
340515
279711
26251
118285
294331
267071
20163
9443
328224
325080
168892
110139
229559
92325
215018
314561
99833
295414
4250
246043
376570
356104
332163
231628
283845
382639
261116
343856
91056
212940
128797
151016
276585
290978
366763
112715
63152
366046
283969
222917
252108
301657
383858
340690
143671
381879
164601
38461
38066
304
189029
87945
123672
210168
21307
171818
81800
77498
117682
184532
122740
306262
210431
244815
292302
124846
353770
293887
6868
160123
168953
237491
124153
250286
174186
313728
203911
44993
92160
254412
35059
133593
231675
109939
339712
331579
15156
352413
25188
262260
103412
222478
214473
311617
93200
340334
86304
335013
148956
214502
127670
262604
273666
42706
109030
259365
32060
187903
50435
317749
358338
54105
99716
311593
295436
267558
214824
122643
237731
209278
92334
290378
384197
155001
216518
66364
122490
178954
271762
373383
128340
336679
5289
293164
168401
375780
375328
137378
320381
124139
243991
334659
159380
222796
338200
121561
283906
3410
105363
56758
293290
343218
53706
315464
35788
157417
24516
22822
236527
53889
206070
253663
282438
143392
165146
155799
206032
85309
47267
261061
31377
116377
198580
256373
366417
266905
281645
132032
17410
152072
48452
86172
126230
45657
31086
305465
225710
85305
87657
196314
143621
282872
375026
211325
336480
93015
268870
280944
369442
378030
34841
357114
47703
69023
94666
42938
358743
344577
284942
281781
286462
364645
200888
12680
160831
191624
146219
278293
318869
10856
253091
64684
287253
216355
342898
349816
279776
93350
103563
27364
119953
302645
55757
240332
25926
283704
259818
29414
77624
121541
172515
350622
173204
128955
76127
332446
285629
169689
6868
77340
333351
229845
133719
353388
126507
204086
172142
345746
187490
219931
34040
226238
216846
187402
332661
31071
196970
329206
208134
376717
11768
347449
73675
85696
78722
320185
244541
248378
214502
87759
144308
241329
243923
256224
330273
203056
331579
337564
55708
19824
115242
335242
209464
374448
262685
174181
109155
159214
323208
41156
234862
237554
349167
230624
76681
134282
357441
363947
317999
195252
358516
228731
56286
45880
87737
44546
294669
323382
292789
105093
206573
378217
272228
320197
102714
112297
52114
154351
277760
159223
250383
343822
291259
196204
80619
382028
186229
182063
263445
209712
370555
349619
189052
377732
307233
91337
64042
323899
381288
223433
198550
214473
214025
65080
219206
183978
258924
55495
308485
329595
224566
96881
341329
199666
32001
193796
273342
169550
307759
199745
169422
140090
161201
42706
50435
369561
40736
114662
354138
333351
358338
19961
142417
380388
332392
349245
108229
127381
109527
136895
19799
46031
212876
345658
327822
100648
71274
258924
158836
160000
15242
206903
42788
217280
176712
85696
381986
329168
249582
59616
379007
131104
178954
288912
302014
217614
247141
111410
304802
69759
184955
232979
25841
66644
340434
83819
264974
345219
7359
341162
272787
220904
13471
360198
159736
64164
139491
155510
10354
101682
263592
59335
17788
332284
173013
363214
271678
53354
104712
253483
356917
282684
266716
321498
13903
281723
360342
19046
22730
139326
213387
13396
134870
63040
208399
348869
360917
334290
18483
271762
124684
191631
70260
2623
354407
324687
243923
274380
47997
4029
331465
6786
189884
250067
114993
33153
88537
260478
297229
274396
72749
105592
364628
57987
343386
322949
47565
182137
328616
18465
202707
385146
354084
199446
157493
238150
309014
325204
53035
251740
204746
56733
11995
51460
349626
80038
24768
157392
216325
122380
243834
47317
335593
121568
337921
281976
39301
116057
361153
311672
322729
110556
20433
143392
306783
97602
267875
5615
326680
302723
141230
203273
253973
231210
293489
345658
170213
157556
191363
112705
238026
172515
96287
240420
212876
135471
122643
258924
208981
341329
364812
83001
115284
375926
256564
182685
157200
271221
209780
279811
240362
360546
251012
153364
13248
29669
131532
338665
20359
93269
310734
128181
237088
367907
137205
119177
300291
70953
180439
240131
381986
248820
251138
136469
67259
365259
246490
65860
199673
69023
275407
40156
166293
114409
313809
104986
19799
304036
79464
5591
104318
357470
136005
58239
138510
372314
221051
51238
206231
262361
333351
125161
381425
271885
145210
133820
332051
238345
75796
271085
189604
232921
326135
159319
242221
7495
250289
241122
195510
26097
100510
119636
156827
276337
88590
185146
251268
353415
36603
208629
285580
228945
3000
384608
327554
229067
337444
230341
6040
4150
69491
229559
184131
287109
208590
93269
185572
247434
321851
196713
327704
7540
285817
225738
163737
287503
126514
378841
289060
362932
157920
247443
224028
193001
269539
1883
248127
248622
61994
291079
332120
342151
263042
141708
47685
82439
10997
330608
362955
109522
53956
69397
351865
186734
256675
62514
58239
333675
126533
311193
307233
332392
178954
88178
217280
315213
294000
206192
210359
311913
115300
97802
123991
262382
343320
93975
141232
255619
161201
200239
172515
248602
42706
319091
288759
66545
186766
220122
273772
247913
303998
240420
263321
110698
361408
334162
142417
255847
211594
315213
127459
168553
129119
294160
359611
97718
159937
372817
153817
366048
143966
185250
327549
62514
227079
189953
19840
120883
182161
215941
238928
112572
222706
355055
208761
365901
4453
239867
127444
342266
175684
14488
343531
118446
315154
80759
384215
19872
229602
49622
299754
225151
284391
122380
123469
136352
168373
32706
374286
33661
151739
196413
345480
26728
142977
379041
53183
94497
208858
316064
11993
204281
231348
317360
303799
282210
89217
379658
308645
364602
46118
160585
127381
70210
130234
34417
183615
276313
299533
220691
37801
50932
344764
104010
55048
300395
86126
210292
223605
54403
90511
333116
163814
49725
166293
163651
42766
333351
218971
345726
42718
297101
365168
272769
184852
19799
236913
48268
384763
328068
60848
327141
126997
238419
60244
383594
260418
21672
357481
165864
342717
66186
211118
187306
284227
114662
170471
331963
253591
342945
126832
106884
63450
289577
175803
243595
75491
347462
130274
76660
304586
817
341140
295058
58468
168416
236158
74468
67351
50884
72813
252751
242101
305516
362184
264304
172424
78776
1470
284478
253973
75508
256151
66392
52666
44996
285013
98314
58239
244994
168835
238834
204314
161317
311193
270748
7261
332392
179386
357682
59990
179691
323818
327353
278089
220383
313930
60935
365800
209706
306329
12412
351592
59990
67523
159720
255178
263657
266495
309918
42681
185572
322560
160000
272936
223237
291756
22825
3192
7540
148709
247482
92566
275356
178504
52846
96147
216787
308990
356970
292123
156309
110303
175179
243073
210180
289817
8316
124964
330605
70224
352962
360541
144073
372937
132961
149898
347520
90165
234586
217580
187831
199215
339928
240976
152137
48696
68446
193350
132674
203525
66545
59934
214737
200288
240393
355183
65114
306930
305008
219156
313538
104041
69023
335605
328679
41143
319373
77559
145980
96161
142157
99173
35413
323749
303254
201826
227643
93010
302643
158849
242704
237579
74553
226285
44191
182772
62128
255412
51238
24232
200884
243163
56054
120436
281647
296789
366346
266971
28482
164009
353774
329101
383669
351426
126415
269784
207424
252285
248437
83894
365900
37013
309617
160700
66590
316660
291127
113940
306998
33153
240216
178523
315268
245723
287203
116431
26524
84992
254361
246245
308846
108229
94671
28055
36752
352014
130652
323717
359758
282512
17329
357950
129623
339086
170330
74120
8178
158540
153448
51485
268828
298918
161201
239507
139559
379990
201007
34019
320174
340230
126533
380407
57890
237022
266496
13874
357716
42638
287102
206573
46031
258646
370546
174037
180
75796
37533
341871
51844
208964
359551
261850
14849
104932
7495
163748
199189
310982
215965
339432
58239
217256
98702
183121
40968
302668
332449
332141
101080
71808
165902
178375
66595
237155
248489
20355
241779
307233
381611
56006
323899
231944
148382
96216
122728
165874
254524
242753
135706
342768
8440
34795
131010
319530
74723
201742
85630
120508
368623
173080
99120
64181
301679
142899
276909
70743
347112
370775
91852
145469
220386
282740
176664
66925
106212
171708
117201
362584
75192
84290
20783
70636
34540
367923
24734
377665
120778
158089
141329
124288
317900
117867
112592
72624
368299
18946
317663
316296
193780
197833
355744
258598
170174
307828
250677
268245
10543
29276
125995
114519
276270
21156
318043
120940
14268
129485
210219
111742
327636
72816
4816
109963
154650
112705
228001
326026
221997
383467
192737
257015
192423
110905
52705
24617
377446
212283
48973
38114
72479
294257
238972
378291
29986
263220
370288
364143
352353
299973
127007
60884
307552
350481
98504
291256
16135
148378
175863
252397
110654
333430
316590
315860
283357
336898
44996
98314
229666
340182
90768
85670
363489
140034
91605
165359
235147
89766
276142
369333
316358
234807
62779
19756
332163
157053
353079
314003
224930
68402
382966
345323
339095
193032
210419
77199
35413
13026
50051
285013
178888
366029
13073
302109
43345
55019
244490
177686
244994
174181
182971
318549
321844
206274
204314
161317
260468
131223
140699
234311
137634
255047
374675
306510
59675
136286
229537
290371
67426
161951
123125
238834
279128
196513
3614
257578
37570
343334
19626
126242
270748
199272
346293
179386
262228
199868
117602
169452
199662
136182
95260
363952
369601
367920
111339
68792
295319
280391
383196
72774
98509
332327
54908
247343
382994
225833
53029
273809
290825
267899
282677
244184
23647
156769
210858
286274
339199
345727
222461
154507
348539
162195
36272
135691
157969
192101
74553
105104
281122
240042
228825
230731
171738
56183
93461
169036
242199
46636
360115
54219
121915
283970
272239
336026
280602
275950
51238
265343
79171
184114
166245
129007
86039
149708
24552
229107
274156
46031
205805
75067
231035
142418
93269
75796
325937
64091
214185
26774
296757
14849
155380
7495
142131
140090
58239
92110
112589
40569
178523
177641
362322
86408
121118
13943
141597
299530
99921
194225
66545
292823
233005
308639
37811
248001
6994
316
78401
67340
232569
204364
362852
171366
196513
160137
153628
126533
82172
255750
365642
263033
314197
334365
283374
91637
38282
368548
256653
52283
361545
322656
144962
363044
96072
111735
219258
88116
241057
69023
295319
159764
164401
343435
152774
1955
293533
85251
240420
32999
261642
358338
361398
260789
257612
162980
304832
465
286995
158836
77346
51638
246505
342081
39337
353960
91967
167271
296130
363022
315301
377355
370872
254667
9385
355800
24144
311193
185466
192811
73397
384982
129172
259781
43003
187898
62514
200382
293237
240426
85533
148678
30273
238588
253947
83739
226630
329168
348554
140698
328871
293457
364992
322204
69426
329844
36265
224930
337465
259306
334728
375601
355468
298852
102746
281395
236678
55386
32742
93616
84159
176215
168784
5479
273177
169097
336510
91180
212321
137628
15269
189168
171808
43792
33790
360090
203864
299333
95824
271995
365786
121360
142899
321804
304036
231829
13711
1470
130076
19246
338002
370567
282774
30344
230988
21818
134082
96032
361619
262892
241225
311077
204763
349051
183241
374624
200719
110873
131496
182917
105014
164371
284164
319034
269448
63639
332751
75554
263541
260294
206319
16244
59495
147674
6156
154754
124977
188638
93011
242864
73019
332392
124922
161908
95397
334870
55738
275835
46472
173013
124448
63371
15485
85777
122030
172565
266197
151572
133116
221287
180533
172296
342825
379722
55078
195858
25653
337860
171092
372908
343944
172515
308690
42706
168784
41501
39811
332202
243322
184033
151745
164327
113813
306517
148391
279789
17611
282891
100633
67204
300202
269476
308470
147839
11379
5591
100296
294227
271670
127583
52545
256076
90046
335612
9733
363263
14939
242886
264216
162
315330
126533
311193
22374
180710
334162
94718
129055
315213
254230
133222
120561
368993
205899
4150
62514
66755
172838
116600
381986
307503
116203
333675
312518
172258
269978
346839
199547
118889
273846
287260
125791
298852
51623
238026
58239
282454
345908
332044
291079
256675
221051
314972
291867
361408
358338
154457
277683
307233
332392
306238
84290
226467
384353
329807
68916
122643
96614
153935
258924
324570
66545
217280
73860
227366
236993
193602
82702
192036
66138
151756
112978
16553
184835
26906
306676
118850
212571
4304
244108
30783
311939
79965
128990
131415
87128
213257
5425
194650
302420
376023
259993
51463
245969
267492
307848
235481
148425
203888
136736
34275
8377
160769
244562
361094
196295
206168
191196
273407
311191
210083
155786
310599
61547
85574
10787
380337
16371
54079
227688
360550
201268
378772
271339
333030
353469
156608
176966
340607
364866
199258
239977
128400
35265
60715
334539
47234
992
347131
259365
289868
260804
278076
219376
72922
66614
198986
230909
136148
364908
211132
136365
36552
143567
35184
183693
33289
236348
223914
142762
258225
326386
27417
144962
45111
268497
80187
367529
290572
53942
243925
127677
384199
372786
363719
160222
118327
87498
216526
156190
27036
9544
144139
243752
198270
224612
211127
201753
13330
11219
154195
73844
380367
285058
340527
376319
21903
73920
96072
348165
368722
344628
192667
183686
229443
318610
358437
270255
379578
196911
192376
207776
125551
21152
5158
16607
237207
109590
326664
218681
332710
315277
59391
191662
262552
377542
213200
351652
364231
264572
192588
262040
360646
375142
360706
215913
286662
31267
26317
258379
108011
34951
245433
1921
209278
374763
315288
294363
358428
224550
248833
59380
111452
239014
2075
307969
293036
336169
193224
245108
152525
93014
324899
152727
253868
314197
264251
261803
60498
47446
371292
32561
120557
338325
171426
250501
30070
51709
24283
354121
357768
348362
93421
144742
183763
73439
45277
337163
209433
4617
90722
247434
339546
59196
197211
37871
274744
230674
142567
292083
131067
192578
125745
237336
2312
213237
301662
312782
238755
130372
42706
127315
313308
265758
199291
117442
332120
143499
43405
307050
135326
75340
23218
158891
353034
17907
382942
119170
20674
233111
372675
154788
1931
168868
100494
336438
304167
129368
63459
154844
217946
77334
348684
330382
91056
26097
47369
335855
64557
228789
61376
140344
122810
117882
294221
147819
205010
32089
276278
100016
180741
59700
84290
123956
280754
258180
131025
334365
19799
74230
287109
73926
321822
69721
320664
247508
71030
124443
207533
276270
71710
333017
357137
259554
316126
244308
313172
310323
311370
149680
319530
261116
