200435
274487
46764
381449
131654
6920
269209
117200
70551
358018
21973
216183
231526
324581
187170
37924
313198
94718
279837
129773
125904
293912
208134
85696
221031
329168
13925
77268
117191
211995
205739
350419
365638
118049
209967
77066
159280
321286
304916
46700
188910
286800
53158
342006
200368
157291
285013
226634
214719
99167
244994
151037
254805
357867
204314
7756
99691
6835
87603
242221
137634
184554
120438
20865
238834
263868
197143
270748
184650
229359
117602
282891
286089
297177
268744
140644
366653
319889
44842
342489
259005
348093
322068
266139
187439
17397
7974
137562
138377
53907
142865
150474
94034
333351
100995
317536
234143
162493
302736
250049
279101
178823
365275
173886
149577
199671
97635
4887
265324
270478
339411
283196
127302
357597
341354
322118
102165
143657
250320
272805
208056
102368
152080
207247
161163
288912
302014
217614
247141
111410
304802
69759
184955
232979
25841
66644
340434
83819
264974
345219
7359
341162
272787
220904
13471
360198
159736
64164
139491
155510
10354
101682
263592
59335
17788
332284
173013
363214
271678
53354
104712
253483
356917
282684
266716
321498
13903
281723
360342
19046
22730
139326
213387
13396
134870
63040
208399
348869
360917
334290
18483
271762
124684
191631
70260
2623
354407
324687
243923
274380
47997
4029
331465
6786
189884
250067
114993
33153
88537
260478
297229
274396
72749
105592
364628
57987
343386
322949
47565
182137
328616
18465
202707
385146
354084
199446
157493
238150
309014
325204
53035
251740
204746
56733
11995
51460
349626
80038
24768
157392
216325
122380
243834
47317
335593
121568
337921
281976
39301
116057
361153
311672
322729
110556
20433
143392
306783
97602
267875
5615
326680
302723
141230
203273
253973
231210
293489
345658
170213
157556
191363
112705
238026
172515
96287
240420
212876
135471
122643
258924
208981
341329
364812
83001
115284
375926
256564
182685
157200
271221
209780
279811
240362
360546
251012
153364
13248
29669
131532
338665
20359
93269
310734
128181
237088
367907
137205
119177
300291
70953
180439
240131
381986
248820
251138
136469
67259
365259
246490
65860
199673
69023
275407
40156
166293
114409
313809
104986
19799
304036
79464
5591
104318
357470
136005
58239
138510
372314
221051
51238
206231
262361
333351
125161
381425
271885
145210
133820
332051
238345
75796
271085
189604
232921
326135
159319
242221
7495
32827
214473
349855
250464
307542
334527
40202
249717
137502
286931
133784
198048
258547
312232
361132
180494
250289
241122
195510
26097
100510
119636
156827
276337
88590
185146
251268
353415
36603
208629
285580
228945
3000
384608
327554
229067
337444
230341
6040
4150
69491
229559
184131
287109
208590
93269
185572
247434
321851
196713
327704
7540
285817
225738
163737
287503
126514
378841
289060
362932
157920
247443
224028
193001
269539
1883
248127
248622
61994
291079
332120
342151
263042
141708
47685
82439
10997
330608
362955
109522
53956
69397
351865
345746
187490
219931
34040
226238
216846
187402
332661
31071
196970
329206
208134
376717
11768
347449
73675
85696
78722
320185
244541
248378
214502
87759
144308
241329
243923
256224
330273
203056
331579
337564
55708
19824
115242
335242
209464
374448
262685
174181
109155
159214
323208
41156
234862
237554
349167
230624
76681
134282
357441
363947
317999
195252
358516
228731
56286
45880
87737
44546
294669
323382
292789
105093
206573
378217
272228
320197
102714
112297
52114
154351
277760
159223
250383
343822
291259
196204
80619
382028
186229
182063
263445
209712
370555
349619
189052
377732
307233
91337
64042
323899
381288
223433
198550
214473
214025
65080
219206
183978
258924
55495
308485
329595
224566
96881
341329
199666
32001
193796
273342
169550
7978
78862
17755
157596
284658
124758
341206
148467
242886
185718
202102
65298
86910
78185
211594
113805
78951
341261
168728
339231
304753
345470
276273
56579
381911
316619
82985
207562
32216
236213
108909
318178
213762
51961
345746
271021
349541
268734
56116
364904
169867
309366
310312
244755
340304
249406
340515
279711
26251
118285
294331
267071
20163
9443
328224
325080
168892
110139
229559
92325
215018
314561
99833
295414
4250
246043
376570
356104
332163
231628
283845
382639
261116
343856
91056
212940
128797
151016
276585
290978
366763
112715
63152
366046
283969
222917
252108
301657
383858
340690
143671
381879
164601
38461
38066
304
189029
87945
123672
210168
21307
171818
81800
77498
117682
184532
122740
306262
210431
244815
292302
124846
353770
293887
6868
160123
168953
237491
124153
250286
174186
313728
324899
152727
253868
314197
264251
261803
60498
47446
371292
32561
120557
338325
171426
83683
263710
187473
22254
164500
231450
296130
9733
250542
273177
259365
1955
246910
37592
108714
128604
224612
187928
104986
192588
334365
377700
37340
90560
119563
14017
200734
186734
170567
52283
383604
60071
60969
6558
337465
64739
227787
